2
 80  132  246   68  200   24   32   80  133   62   11  183  244   0    0    0    2    12  119  233   34  106  144   46   29  136  226   34  248  108  105   99
32
 81  132  254   68  216   24   32   97  133   42   11  167  245  128   0    0    2    12  119  234   98  110  144   46   29  168  226   34  248  108  105  100
32
 82  132  254   68  200   24   32   84  133   66   11  215  248   0    0    0    2    12  119  234   34  113  144   46   29  136  226   34  247  108  105   84
32
 83  132  230   68  200   24   32   72  133  126   11  215  246  192   0    0    2    12  119  232   98  111  144   46   29  200  226   34  249  108  105  100
32
 84  132  230   68  200   24   32   87  133  118   11  151  246   64   0    0    2    12  119  232  226  112  144   46   30   40  226   34  253  108  105  100
32
 85  133   6    68  200   24   32   90  133   58   11  135  247   0    0    0    2    12  119  233  162  115  144   54   29  216  226   34  250  108  105  116
32
 86  133   18   68  200   24   32   77  133   58   11  183  247   0    0    0    2    12  119  233   34  114  144   62   29  104  226   34  245  108  105  100
32
 87  133   14   68  200   24   32   81  133   66   11  183  248  128   0    0    2    12  119  232  226  113  144   54   29   88  226   34  245  108  105  100
32
 88  133   6    68  200   24   32   86  133   54   11  119  245  192   0    0    2    12  119  233  162  114  144   54   29  120  226   34  246  108  105   86
32
 89  133   2    68  200   24   32   70  133   78   11   87  242   0    0    0    2    12  119  233   98  113  144   54   29  136  226   98  247  108  105  101
32
 90  133   22   68  200   24   32   61  133   90   11  151  245  192   0    0    2    12  119  233   34  109  144   54   29  152  226   98  254  108  105   85
32
 91  133   6    68  200   24   32   78  133   78   11  167  250   64   0    0    2    12  119  232  226  106  144   54   29  136  225  226  253  108  105  100
32
 92  132  210   68  200   24   32   87  133  114   11  151  246  128   0    0    2    12  119  232   34  108  144   54   29  152  226  162  242  108  105   82
32
 93  132  194   68  200   24   32   80  133  142   11  183  243   0    0    0    2    12  119  232  162  112  144   54   29  216  227  162  243  108  105   99
32
 94  132  218   68  200   24   32   84  133   78   11  183  246   0    0    0    2    12  119  233   34  112  144   54   29  184  227  162  251  108  105   96
32
 95  132  250   68  200   24   32   90  133   62   11  167  249   0    0    0    2    12  119  232  226  110  144   54   29  136  226  226  250  108  105   65
32
 96  133   22   68  200   24   32   93  133  110   11  199  246   0    0    0    2    12  119  232   98  110  144   54   29  136  227  162  245  108  105  112
32
 97  133   14   68  200   24   32   87  133   94   11  151  242   0    0    0    2    12  119  233   34  111  144   54   29  168  228   34  249  108  105   96
32
 98  133   10   68  200   24   32   68  133   42   11  135  245   64   0    0    2    12  119  233   34  112  144   54   29  184  227  226  252  108  105   81
32
 99  133   26   68  200   24   32   60  133   58   11  199  249   0    0    0    2    12  119  231  226  112  144   54   29  152  227  162  250  108  105   97
32
100  133   18   68  200   24   32   78  133   66   11  167  247  192   0    0    2    12  119  232   98  112  144   54   29  120  226  162  252  108  105   97
32
101  132  254   68  200   24   32   78  133   42   11  151  246  192   0    0    2    12  119  233  162  113  144   54   29  120  225  163   1   108  105   81
32
102  132  254   68  200   24   32   62  133   78   11  215  247  192   0    0    2    12  119  232  226  112  144   54   29   88  225   98  255  108  105   97
32
103  132  254   68  200   24   32   65  133   98   11  183  248   0    0    0    2    12  119  232   34  111  144   54   29   88  226   34  253  108  105   97
32
104  132  250   68  216   24   32   70  133   82   11  119  247  128   0    0    2    12  119  232  226  112  144   54   29  104  226   35   3   108  105  100
32
105  132  254   69   8    24   32   67  133  118   11  167  247   0    0    0    2    12  119  233   98  112  144   54   29  120  226   35   6   108  105   99
32
106  133   2    68  248   24   32   65  133  146   11  199  246   64   0    0    2    12  119  232  226  111  144   54   29  104  226   35   2   108  105   84
32
107  133   2    68  200   24   32   67  133  126   11  167  247   64   0    0    2    12  119  233   34  112  144   54   29  136  226   98  252  108  105  116
32
108  133   6    68  200   24   32   66  133  110   11  199  247  192   0    0    2    12  119  233   98  114  144   54   29  152  226   34  249  108  105   84
32
109  133   10   68  216   24   32   66  133  134   11  167  246  192   0    0    2    12  119  232  162  112  144   54   29  120  226   34  254  108  105  117
32
110  133   10   68  200   24   32   65  133  122   11   87  246  192   0    0    2    12  119  233   98  108  144   54   29  120  226   35   3   108  105  100
32
111  133   18   68  200   24   32   65  133   74   11  151  247   64   0    0    2    12  119  234  162  109  144   54   29  168  226   34  255  108  105  101
32
112  133   14   68  200   24   32   68  133   42   11  215  247   0    0    0    2    12  119  233  162  111  144   54   29  200  226   34  251  108  105  101
32
113  133   10   68  216   24   32   63  133   58   11  167  247   0    0    0    2    12  119  232  226  111  144   54   29  168  226   34  251  108  105  117
32
114  133   10   68  216   24   32   67  133   78   11  199  247   0    0    0    2    12  119  233  226  110  144   50   29  104  226   34  253  108  105  100
32
115  132  246   68  200   24   32   80  133   50   11  247  246  192   0    0    2    12  119  233  162  111  144   58   29  136  226   35   0   108  105   85
32
116  132  234   68  232   24   32   86  133   54   11  183  246  192   0    0    2    12  119  232  226  112  144   62   29  168  226   34  253  108  105   98
32
117  132  254   68  248   24   32   83  133   94   11  151  247   0    0    0    2    12  119  233  162  107  144   58   29  152  226   34  247  108  105   84
32
118  133   6    69   24   24   32   78  133  102   11  167  247   64   0    0    2    12  119  232  226  104  144   54   29  168  226   34  249  108  105  114
32
119  133   2    69   8    24   32   77  133   94   11  151  247   0    0    0    2    12  119  232   34  109  144   58   29  184  226   34  250  108  105   98
32
120  132  250   68  200   24   32   94  133   86   11  167  247   0    0    0    2    12  119  233  162  114  144   54   29  104  226   34  249  108  105   99
32
121  132  234   68  168   24   32  102  133   86   11  183  248   0    0    0    2    12  119  234   34  110  144   46   29   88  226   34  252  108  105  113
32
122  132  234   68  232   24   32   76  133   94   11  167  244  192   0    0    2    12  119  232  162  106  144   46   29  136  226   34  253  108  105   98
32
123  132  246   68  248   24   32   62  133   78   11  135  241   64   0    0    2    12  119  232   34  109  144   50   29  136  226   34  246  108  105  114
32
124  132  254   68  200   24   32   74  133   34   11  167  245   64   0    0    2    12  119  232   98  114  144   46   29  152  226   34  248  108  105  100
32
125  133   2    68  200   24   32   72  133   70   11  151  249   0    0    0    2    12  119  232   98  114  144   46   29  216  226   35   1   108  105  100
32
126  133   2    68  200   24   32   63  133  130   11  151  247   0    0    0    2    12  119  232   34  113  144   46   29  216  226   34  253  108  105  101
32
127  132  254   68  200   24   32   68  133   74   11  167  246   64   0    0    2    12  119  232   98  114  144   46   29  120  226   34  250  108  105  100
32
236  133   2    68  232   24   32   69  133   34   11  151  247  192   0    0    2    12  119  232   98  113  144   46   29   88  226   35   0   108  105   85
32
 0   133   14   68  248   24   32   66  133   58   11  135  247  192   0    0    2    12  119  232   98  112  144   46   29  120  226   34  250  108  105  115
32
 1   133   10   68  232   24   32   78  133   54   11  151  247  192   0    0    2    12  119  232   98  112  144   46   29  136  226   34  245  108  105   99
32
 2   133   10   68  232   24   32   98  133   42   11  215  247  128   0    0    2    12  119  232   98  112  144   46   29   72  226   98  254  108  105   99
32
 3   133   10   68  232   24   32   96  133   86   11  183  246   0    0    0    2    12  119  232   34  112  144   46   29   72  226   98  253  108  105  114
32
 4   133   14   68  232   24   32   73  133  146   11  151  247   64   0    0    2    12  119  232   98  112  144   46   29  200  226   34  251  108  105  100
32