    144   16  148  125  127  125  146  125  208  128  137  125   87  125  142  125   12   0   209  114  189  125  184  125  157  125   8   134   55  127  211  148
    32            1         2         3         4         5         6         7                  1          2         3        4          5         6         7
     74   32   36   0   239  255   59   0    69   2   116   63  112  243  155  253  201  249   1    1    0    0    0    0    0    0    0    0    0    0    0    0
    32
    149   16  175  125  211  125  247  125  246  128  161  125  217  125  112  125   29   0   126  115  189  125  240  125   6   126   26  134   81  127   36  149
    32
    150   16  201  125  200  125  248  125  242  128  162  125  221  125  111  125   9    0   118  115  193  125  238  125   15  126   49  134   83  127   44  149
    32
     75   32   26   0   245  255   48   0   107   2   123   63  253  243  180  253  201  249   37   1    0    0    0    0    0    0    0    0    0    0    0    0
    32
    151   16  209  125  171  125  211  125  210  128  182  125  203  125  148  125   89   0   168  115  201  125  239  125   0   126   28  134   91  127   18  149
    32
    152   16  227  125  167  125  177  125  192  128  201  125  185  125  189  125   3    0   194  115  206  125  244  125  232  125  241  133  107  127  249  148
    32
     76   32   38   0   247  255   63   0   120   2    69   63  197  243  169  253  205  249   48   1    0    0    0    0    0    0    0    0    0    0    0    0
    32
    153   16   6   126  203  125  175  125  210  128  196  125  176  125  198  125   29   0   149  115  206  125  247  125  216  125  230  133  126  127   8   149
    32
    154   16   5   126  233  125  178  125  214  128  174  125  165  125  181  125   9    0   110  115  209  125  244  125  195  125  236  133  128  127   37  149
    32
     77   32   29   0   228  255   73   0   117   2   139   63   19  244  159  253  226  249   20   1    0    0    0    0    0    0    0    0    0    0    0    0
    32
    155   16  195  125  218  125  156  125  168  128  160  125  152  125  165  125   89   0   173  115  221  125  236  125  160  125  217  133  103  127   33  149
    32
    156   16  123  125  180  125  127  125  112  128  165  125  153  125  158  125   3    0    43  116  229  125  233  125  139  125  197  133   74  127   7   149
    32
     78   32   73   0   251  255   38   0   144   2    58   63  201  243  159  253  226  249   20   1    0    0    0    0    0    0    0    0    0    0    0    0
    32
    157   16  108  125  157  125  117  125   99  128  176  125  173  125  159  125   29   0   124  116  220  125  241  125  160  125  219  133   68  127   1   149
    32
    158   16  136  125  145  125  114  125  116  128  188  125  188  125  179  125   9    0   136  116  197  125  254  125  192  125  244  133   78  127   11  149
    32
     79   32   53   0   244  255   25   0    89   2   140   63   11  244  178  253  209  249   88   1    0    0    0    0    0    0    0    0    0    0    0    0
    32
    159   16  150  125  128  125   92  125  116  128  206  125  181  125  223  125   89   0   129  116  179  125   5   126  183  125  199  133   77  127   2   149
    32
    160   16  142  125  116  125   76  125  105  128  218  125  165  125  249  125   3    0   110  116  178  125   5   126  147  125  113  133   71  127  238  148
    32
     80   32   25   0   246  255   46   0   125   2   132   63  221  243  151  253  203  249   52   1    0    0    0    0    0    0    0    0    0    0    0    0
    32
    161   16  134  125  128  125  102  125  120  128  198  125  153  125  201  125   29   0    45  116  193  125   2   126  149  125  102  133   87  127  252  148
    32
    162   16  125  125  146  125  152  125  149  128  155  125  150  125  109  125   9    0   225  115  211  125   1   126  194  125  194  133  117  127   38  149
    32
     81   32   45   0   254  255   54   0   172   2   157   63  222  243  173  253  203  249   35   1    0    0    0    0    0    0    0    0    0    0    0    0
    32
    163   16  111  125  157  125  169  125  150  128  142  125  164  125   82  125   89   0   224  115  215  125   0   126  203  125   37  134  115  127   47  149
    32
    164   16  128  125  179  125  152  125  134  128  179  125  204  125  158  125   3    0    33  116  193  125  255  125  144  125   65  134   68  127   7   149
    32
     82   32   62   0   252  255   62   0   104   2    91   63  150  243  159  253  207  249   50   1    0    0    0    0    0    0    0    0    0    0    0    0
    32
    165   16  197  125  217  125  159  125  154  128  211  125  242  125  227  125   29   0    54  116  165  125  255  125  110  125   58  134   39  127  237  148
    32
    166   16   0   126  227  125  212  125  213  128  171  125  221  125  168  125   9    0   233  115  167  125   5   126  192  125   70  134   78  127   15  149
    32
     83   32   49   0    1    0    55   0    51   2   134   63  223  243  159  253  207  249   50   1    0    0    0    0    0    0    0    0    0    0    0    0
    32
    167   16  230  125  172  125   7   126  249  128   80  125  140  125   8   125   89   0   135  115  214  125   11  126   86  126   88  134  159  127   68  149
    32
    168   16  143  125   98  125   11  126  230  128   19  125   71  125  143  124   3    0    90  115   13  126   11  126  171  126   97  134  207  127   82  149
    32
     84   32   47   0   241  255   31   0   140   2   126   63  208  243  165  253  201  249   32   1    0    0    0    0    0    0    0    0    0    0    0    0
    32
    169   16   96  125   88  125  244  125  204  128   34  125   79  125  143  124   29   0    74  115   31  126   7   126  139  126  146  134  198  127   63  149
    32
    170   16  129  125  147  125  226  125  212  128   93  125  151  125  235  124   9    0    48  115   4   126   5   126   42  126   1   135  158  127   48  149
    32
     85   32   24   0   219  255   71   0   105   2   114   63  227  243  171  253  218  249   26   1    0    0    0    0    0    0    0    0    0    0    0    0
    32
    171   16  182  125  209  125  207  125  238  128  156  125  220  125  109  125   89   0    44  115  218  125   9   126  191  125   94  135  107  127   28  149
    32
    172   16  203  125  231  125  176  125   0   129  206  125  247  125  237  125   3    0    87  115  182  125   11  126   97  125   90  135   54  127  241  148
    32
     86   32   27   0   240  255   59   0   112   2   134   63   49  244  164  253  197  249   49   1    0    0    0    0    0    0    0    0    0    0    0    0
    32
    173   16  210  125  227  125  158  125   21  129  225  125  235  125   46  126   29   0   106  115  163  125   7   126   59  125   34  135   26  127  210  148
    32
    174   16  219  125  212  125  176  125   50  129  193  125  193  125  252  125   9    0    38  115  171  125  255  125  124  125   30  135   56  127  238  148
    32
     87   32   47   0    2    0    59   0   101   2   127   63  111  243  176  253  197  249   38   1    0    0    0    0    0    0    0    0    0    0    0    0
    32
    175   16  206  125  176  125  200  125   41  129  136  125  137  125  142  125   89   0   197  114  205  125  253  125  238  125   74  135  120  127   39  149
    32
    176   16  169  125  139  125  185  125  228  128  120  125  111  125  104  125   3    0   178  114  240  125  253  125   20  126   75  135  149  127   53  149
    32
     88   32   36   0   252  255   60   0   104   2   152   63   25  244  176  253  197  249   38   1    0    0    0    0    0    0    0    0    0    0    0    0
    32
    177   16  163  125  149  125  151  125  157  128  169  125  150  125  183  125   29   0   233  114  240  125  251  125  199  125   17  135  119  127   12  149
    32
    178   16  204  125  203  125  147  125  156  128  227  125  212  125   20  126   9    0    11  115  211  125  248  125  111  125  229  134   76  127  235  148
